W: 2019/12/23 22:37:47.718195 logger_manger.go:27: THIS IS A WARNING
I: 2019/12/23 23:07:40.980910 logger_manger.go:28: Server has started on 3440
